02-03 25 8 1019 47
02-04 32 9 806 42
02-05 31 7 871 30
02-06 11 4 610 43
02-07 10 4 695 39
02-08 9 4 684 40
02-09 9 4 578 38
02-10 16 5 655 41
02-11 13 5 361 22
02-12 20 6 349 21
02-13 19 3 648 41
02-14 14 5 640 37
02-15 13 4 830 60
02-16 16 3 705 37
02-17 4 2 306 36
02-18 11 3 460 37
02-19 23 5 817 40
02-20 0 0 173 18
02-21 8 3 347 29
02-22 8 2 421 27
02-23 4 2 326 25
02-24 7 3 443 27
02-25 16 3 346 22
02-26 1 1 120 12
02-27 4 3 365 28
02-28 10 4 537 36

03-02 4 3 376 34
03-03 11 2 441 34
03-04 14 1 414 31
03-05 8 5 186 22
03-06 17 4 275 21
03-07 16 3 409 24
03-08 6 2 279 23
03-09 3 2 204 36
03-10 1 1 118 19
03-11 0 0 95 13
03-12 0 0 174 14
03-13 0 0 62 6
03-14 5 3 124 16
03-15 16 3 534 20
03-16 4 2 248 24
03-17 7 4 154 17
03-18 0 0 235 16
03-19 1 1 98 14
03-20 2 1 70 13
03-21 7 3 323 22
03-22 1 1 467 21
03-23 2 2 244 17
03-24 10 4 421 32
03-25 26 8 481 29
03-26 43 8 516 29
03-27 9 3 230 21
03-28 37 6 226 16
03-29 31 7 233 20
03-30 12 5 179 17
03-31 77 10 579 31
